[120.66778812  12.14125596 144.10825441]
[153.51512776 -11.16687612 109.53396511]
[183.55215274   8.78418691 100.89841908]
[185.33800541  41.62300583 136.65152338]
[ 95.10370902  61.7839245  114.32113409]
[134.79175647  29.12481332  91.89173638]
[148.00176374  49.96421956  82.6072673 ]
[140.16343877  90.71380096 105.41353013]
[ 89.49035829 108.04490821 137.60344953]
[273.63942456 122.96085833 154.87841489]
[146.86378119  31.10417603  74.07324767]
[78.58716985 26.40849034 71.04457681]
[ 75.46009422 176.90500614 102.96019718]
[112.16826093  50.6093406   62.96561579]
[117.59063656  63.51326643  61.38892643]
[ 82.72901184 176.10915268 103.45159502]
[ 40.08389617 256.23253335 146.36597383]
[76.05564878 74.01209618 83.07199591]
[127.39213495  44.27007038  54.18075673]
[116.54176514 120.53730297  67.85384628]
[ 35.90177883 267.76465191 113.1653388 ]
[63.44802928 98.5142002  71.53832474]
[107.11585842  64.21219966  47.34929527]
[ 99.34755203 141.01509315  56.94425887]
